[ 8099.370257] [project1] 4287 1588099030.720927413 1588099031.634173736
[ 8101.097408] [project1] 4289 1588099032.469025271 1588099033.361339313
[ 8102.761127] [project1] 4290 1588099034.154466226 1588099035.25072227
[ 8104.491738] [project1] 4291 1588099035.894642602 1588099036.755697861
[ 8106.221836] [project1] 4292 1588099037.622841245 1588099038.485810307
[ 8107.883498] [project1] 4293 1588099039.280833548 1588099040.147486126
[ 8109.622279] [project1] 4294 1588099041.9099514 1588099041.886281751
[ 8111.364234] [project1] 4295 1588099042.745768326 1588099043.628251117
[ 8113.083027] [project1] 4296 1588099044.457522960 1588099045.347058428
[ 8114.763426] [project1] 4299 1588099046.148720613 1588099047.27471309
